@relation funness-rating

@attribute probBuildJump numeric
@attribute probBuildCannons numeric
@attribute probBuildHillStraight numeric
@attribute probBuildStraight numeric
@attribute difficulty numeric
@attribute blocksCoins numeric
@attribute blocksEmpty numeric
@attribute blocksPower numeric
@attribute enemies numeric
@attribute FUN numeric

@data
0.026794,0.069358,0.154294,0.000000,0.749554,2,9,34,8,4,6.000000
0.372246,0.000000,0.117094,0.000000,0.510660,2,13,35,7,5,5.000000
0.271141,0.293518,0.003675,0.000000,0.431667,0,7,27,4,2,5.500000
0.413151,0.000000,0.035945,0.000000,0.550904,0,17,19,1,2,4.000000
0.312536,0.088850,0.308936,0.106560,0.183119,3,4,11,0,68,6.000000
0.000000,0.000000,0.000000,0.000000,1.000000,4,14,55,6,42,7.500000
0.215902,0.005401,0.346719,0.000000,0.431977,3,9,36,0,57,7.000000
0.042046,0.026045,0.661438,0.013948,0.256523,3,3,11,1,93,3.000000
0.059074,0.235942,0.245944,0.392449,0.066591,4,5,9,0,74,5.100000
0.041511,0.000000,0.065655,0.214570,0.678263,4,20,50,4,36,3.000000
0.053185,0.000000,0.019912,0.340438,0.586465,1,16,36,7,3,6.000000
0.000000,0.154687,0.336320,0.161285,0.347708,4,12,26,0,69,4.500000
0.000000,0.614114,0.385886,0.000000,0.000000,3,1,5,1,76,2.000000
0.019132,0.160298,0.225338,0.000000,0.595232,1,14,36,4,3,1.000000
0.000000,0.104795,0.400307,0.373386,0.121512,4,0,2,1,80,3.000000
0.049134,0.000000,0.000000,0.000000,0.950866,4,23,47,10,35,6.000000
0.000000,0.000000,0.410799,0.426060,0.163142,3,3,15,2,70,7.100000
0.000000,0.067725,0.419383,0.196944,0.315949,4,3,6,2,81,4.000000
0.085973,0.432443,0.335676,0.000000,0.145908,4,4,9,3,52,5.000000
0.041620,0.000000,0.958380,0.000000,0.000000,4,2,8,1,103,4.000000
0.076963,0.554327,0.368711,0.000000,0.000000,4,0,5,1,80,3.000000
0.064585,0.000000,0.526689,0.258264,0.150462,3,3,10,0,76,5.500000
0.292939,0.423285,0.283777,0.000000,0.000000,1,3,13,1,34,4.000000
0.479298,0.000000,0.000000,0.010113,0.510590,0,9,22,0,0,4.000000
0.070886,0.110522,0.614363,0.090395,0.113834,3,3,11,1,63,4.000000
0.292939,0.423285,0.283777,0.000000,0.000000,1,3,13,1,34,5.000000
0.000000,0.026264,0.819855,0.000000,0.153882,3,6,20,1,96,2.000000
0.000000,0.099991,0.598322,0.130685,0.171003,3,1,4,4,88,5.000000
0.000000,0.064435,0.576826,0.000000,0.358738,4,10,25,4,75,4.000000
0.219213,0.099002,0.416514,0.000000,0.265272,2,6,9,2,16,5.500000
0.204024,0.051427,0.000000,0.333682,0.410867,1,8,9,2,2,1.000000
0.000000,0.223496,0.000000,0.397616,0.378889,0,9,24,2,0,5.000000
0.219213,0.099002,0.416514,0.000000,0.265272,2,6,9,2,16,4.000000
0.204024,0.051427,0.000000,0.333682,0.410867,1,10,24,2,3,4.500000
0.000000,0.223496,0.000000,0.397616,0.378889,0,16,50,2,0,4.700000
0.414121,0.238959,0.183273,0.163646,0.000000,2,1,5,0,13,4.000000
0.255632,0.000000,0.304873,0.188329,0.251166,1,4,5,1,10,2.000000
0.088896,0.494646,0.147981,0.000000,0.268477,3,9,20,5,29,6.000000
0.060593,0.181389,0.518842,0.091835,0.147340,3,1,9,3,77,4.500000
0.027167,0.450598,0.269730,0.000000,0.252506,0,9,18,3,0,2.000000
0.234394,0.155879,0.167836,0.036336,0.405555,4,7,25,3,20,6.000000
0.371478,0.181377,0.155585,0.193612,0.097949,4,1,4,0,18,6.500000
